0 0 6 15
1 0 6 1 1
1 0 6 2 10
1 6 0 1 6
1 6 0 2 15
0 0 7 15
1 0 7 1 1
1 0 7 1  20
1 0 7 2 10
1 7 0 1 10
1 7 0 2 20
0 0 4 10
1 0 4 0 1
1 0 4 1 10
1 0 4 0 17
1 4 0 1 15
1 4 0 0 20

0 1 11 10
1 1 11 0 5
1 1 11 0 10
1 1 11 2 19
1 11 1 0 15
1 11 1 2 13
0 1 5  5
1 1 5 0 1
1 1 5 0 12
1 5 1 0 13
1 5 1 0 18
0 1 2 10
1 1 2 0 5
1 1 2 0 19
1 2 1 0 10
1 2 1 0 22

0 2 8 10
1 2 8 2 12
1 8 2 2 8

0 2 9 5
1 2 9 0 1
1 2 9 1 12
1 2 9 1 3
1 9 2 0 16
1 9 2 1 7
0 2 5 10
1 2 5 0 1
1 2 5 0 10
1 2 5 1 18
1 5 2 0 15
1 5 2 1 7

0 3 7 15
1 3 7 1 7
1 3 7 2 18
1 7 3 1 20
1 7 3 2 10
0 3 11 15
1 3 11 1 10
1 3 11 0 18
1 11 3 1 19
1 11 3 0 8


0 4 10 5
1 4 10 0 8
1 4 10 1 17
1 10 4 0 10
1 10 4 1 19

0 5 13 5
1 5 13 0 10
1 5 13 0 18
1 13 5 0 13
1 13 5 0 19

0 7 11 15
1 7 11 1 10
1 7 11 0 15
1 11 7 1 16
1 11 7 0 8
0 7 12 10
1 7 12 0 16
1 7 12 1 10
1 12  7 0 8
1 12 7 1 15

0 9 10 10
1 9 10 0 15
1 9 10 1 8
1 10 9 0 8
1 10 9 1 19

0 10 12 5
1 10 12 0 8
1 10 12 1 15
1 12 10 0 15
1 12 10 1 8
0 10 13 5
1 10 13 0 7
1 10 13 1 13
1 13 10 0 19
1 13 10 1 9

0 12 13 5
1 12 13 0 12
1 12 13 1 8
1 13 12 0 18
1 13 12 1 7


 



